#gespeicherter Graph
#Knotenanzahl
59
#Knotenmarkierungen
Peitz
Flensburg
Hamburg
Kiel
Cuxhaven
Norddeich
Oldenburg
Groningen
Bremen
Enschede
Bielefeld
Duisburg
Düsseldorf
Aachen
Köln
Bonn
Dortmund
Kassel
Hannover
Braunschweig
Berlin
Lübeck
Puttgarden
Rostock
Stettin
Frankfurt/Oder
Leipzig
Dresden
Hermsdorf
Erfurt
Hof
Prag
Pilsen
Passau
Nürnberg
München
Salzburg
Garmisch
Kempten
Oberstdorf
Lindau
Ulm
Konstanz
Stuttgart
Zürich
Basel
Mulhouse
Strasbourg
Baden/Baden
Karlsruhe
Mannheim
Saarbrücken
Luxemburg
Trier
Würzburg
Frankfurt/Main
Koblenz
Gießen
Bad Hersfeld
#Kanten
0 1 10
1 0 10
2 1 165
3 1 110
1 2 165
3 2 100
4 2 120
8 2 120
18 2 150
20 2 285
21 2 65
1 3 110
2 3 100
21 3 75
22 3 85
2 4 120
8 4 100
6 5 100
7 5 130
5 6 100
7 6 140
8 6 50
9 6 160
5 7 130
6 7 140
9 7 110
2 8 120
4 8 100
6 8 50
9 8 185
10 8 170
16 8 240
18 8 125
6 9 160
7 9 110
8 9 185
11 9 95
18 9 240
8 10 170
16 10 115
17 10 135
18 10 115
9 11 95
12 11 25
13 11 115
16 11 60
11 12 25
14 12 40
16 12 65
11 13 115
14 13 70
15 13 95
12 14 40
13 14 70
15 14 25
16 14 95
57 14 180
13 15 95
14 15 25
55 15 180
56 15 85
8 16 240
10 16 115
11 16 60
12 16 65
14 16 95
17 16 175
57 16 175
10 17 135
16 17 175
18 17 165
19 17 155
58 17 70
2 18 150
8 18 125
9 18 240
10 18 115
17 18 165
19 18 65
17 19 155
18 19 65
20 19 230
2 20 285
19 20 230
23 20 225
24 20 140
25 20 100
26 20 170
27 20 200
2 21 65
3 21 75
22 21 90
23 21 120
3 22 85
21 22 90
20 23 225
21 23 120
24 23 270
20 24 140
23 24 270
20 25 100
27 25 185
20 26 170
27 26 110
28 26 100
20 27 200
25 27 185
26 27 110
28 27 165
31 27 160
26 28 100
27 28 165
29 28 65
30 28 75
28 29 65
58 29 125
28 30 75
34 30 135
27 31 160
32 31 90
31 32 90
33 32 195
34 32 195
32 33 195
34 33 225
36 33 65
30 34 135
32 34 195
33 34 225
35 34 170
41 34 175
50 34 245
54 34 110
34 35 170
36 35 145
37 35 90
38 35 130
41 35 140
33 36 65
35 36 145
35 37 90
39 37 75
35 38 130
39 38 40
40 38 60
41 38 90
37 39 75
38 39 40
38 40 60
41 40 130
42 40 80
34 41 175
35 41 140
38 41 90
40 41 130
43 41 100
40 42 80
43 42 185
41 43 100
42 43 185
44 43 210
49 43 80
54 43 150
43 44 210
45 44 110
44 45 110
46 45 45
48 45 170
45 46 45
48 46 160
48 47 60
51 47 145
45 48 170
46 48 160
47 48 60
49 48 40
43 49 80
48 49 40
50 49 65
51 49 145
34 50 245
49 50 65
51 50 140
54 50 175
55 50 80
56 50 150
47 51 145
49 51 145
50 51 140
52 51 95
51 52 95
53 52 45
52 53 45
56 53 125
34 54 110
43 54 150
50 54 175
55 54 120
58 54 150
15 55 180
50 55 80
54 55 120
57 55 70
15 56 85
50 56 150
53 56 125
57 56 100
14 57 180
16 57 175
55 57 70
56 57 100
58 57 90
17 58 70
29 58 125
54 58 150
57 58 90
